function [FigA, FigB]=TouchSpikeAnalysis20170307(SpikeArray,RPegTouchAll,LPegTouchAll,fname,TrimStr)

% clear all;
% close all;
Bin=9;
% global StartTime FinishTime RPegTouchAll LPegTouchAll

%20170303 7-5
% StartTime=2459;
% FinishTime=167473;

% LpegTimeArray=[2829;3328;3833;4329;4837;5339;5843;6346;6847;7347;7849;8347;8848;9347;9847;10342;10842;11343;11843;12343;12848;13348;13854;14356;14858;15361;15862;16362;16862;17358;17862;18359;18858;19356;19864;20363;20863;21367;21871;22370;22872;23367;23871;24370;24868;25365;25865;26366;26865;27366;27865;28366;28870;29370;29870;30370;30871;31370;31871;32372;32870;33364;33872;34365;34864;35366;35865;36367;36871;37369;37869;38369;38868;39366;39870;40370;40868;41365;41870;42365;42864;43364;43870;44365;44869;45368;45869;46368;46868;47368;47870;48369;48865;49368;49865;50365;50864;51363;51865;52369;52868;53368;53869;54368;54870;55368;55868;56369;56869;57369;57868;58363;58869;59367;59867;60367;60872;61369;61873;62374;62871;63366;63871;64368;64868;65367;65866;66362;66867;67367;67868;68367;68871;69370;69872;70371;70867;71372;71870;72372;72865;73366;73868;74365;74866;75366;75867;76365;76870;77371;77871;78372;78871;79370;79871;80371;80870;81367;81865;82366;82866;83366;83865;84367;84871;85371;85871;86371;86869;87370;87869;88370;88870;89367;89870;90364;90864;91365;91869;92369;92870;93370;93869;94370;94870;95370;95870;96370;96871;97370;97870;98365;98865;99366;99869;100369;100868;101373;101873;102374;102869;103368;103874;104368;104868;105368;105866;106363;106864;107364;107865;108367;108868;109373;109869;110373;110868;111368;111868;112368;112867;113368;113867;114363;114867;115367;115872;116366;116869;117372;117873;118373;118871;119372;119870;120373;120867;121367;121868;122363;122867;123366;123866;124366;124872;125372;125871;126370;126870;127371;127870;128370;128871;129367;129866;130365;130865;131366;131871;132371;132871;133370;133876;134370;134870;135372;135871;136370;136871;137370;137866;138366;138865;139367;139866;140370;140870;141370;141869;142375;142869;143371;143869;144370;144869;145369;145869;146364;146864;147369;147870;148369;148869;149369;149875;150369;150874;151369;151868;152369;152869;153370;153869;154363;154870;155369;155869;156368;156874;157372;157872;158374;158874;159373;159873;160368;160868;161369;161867;162363;162867;163368;163867;164368;164873;165371;165872;166372;166871;167372;];
% RpegTimeArray=[2616;3055;3501;3948;4393;4843;5287;5733;6180;6630;7071;7518;7962;8403;8848;9293;9739;10186;10624;11071;11515;11964;12404;12852;13299;13744;14189;14638;15085;15530;15972;16422;16862;17307;17755;18198;18644;19085;19527;19975;20421;20867;21316;21761;22207;22654;23093;23539;23980;24430;24868;25316;25762;26201;26647;27094;27539;27980;28430;28876;29321;29760;30208;30653;31095;31538;31980;32425;32870;33316;33758;34205;34647;35092;35539;35983;36429;36871;37320;37765;38205;38650;39098;39538;39984;40429;40875;41315;41761;42207;42651;43092;43538;43982;44428;44873;45320;45760;46205;46657;47097;47537;47985;48429;48868;49314;49760;50206;50647;51090;51537;51981;52427;52872;53319;53764;54204;54655;55095;55540;55982;56427;56869;57313;57759;58205;58650;59092;59536;59984;60427;60872;61323;61764;62209;62654;63094;63537;63980;64431;64873;65318;65758;66204;66650;67090;67536;67981;68427;68871;69317;69765;70208;70655;71099;71540;71982;72430;72872;73318;73763;74207;74649;75095;75535;75984;76431;76876;77320;77761;78208;78653;79095;79540;79979;80430;80870;81315;81761;82207;82647;83093;83535;83985;84430;84871;85322;85762;86206;86651;87098;87538;87985;88429;88870;89315;89761;90206;90646;91094;91537;91982;92429;92874;93321;93766;94205;94656;95098;95543;95984;96429;96871;97314;97760;98207;98648;99093;99538;99983;100428;100872;101318;101763;102205;102650;103098;103541;103982;104428;104874;105319;105758;106203;106646;107092;107536;107987;108428;108879;109318;109762;110211;110654;111095;111540;111982;112427;112872;113318;113760;114204;114649;115094;115537;115986;116427;116876;117323;117763;118206;118652;119095;119540;119981;120430;120871;121316;121759;122204;122649;123094;123541;123986;124428;124877;125319;125761;126207;126653;127095;127540;127981;128429;128871;129316;129758;130207;130649;131095;131538;131984;132429;132874;133321;133767;134208;134653;135099;135538;135986;136430;136871;137315;137762;138205;138647;139093;139538;139984;140429;140876;141320;141761;142206;142651;143097;143538;143984;144429;144874;145315;145760;146205;146652;147093;147538;147983;148429;148874;149321;149765;150208;150652;151096;151538;151983;152428;152874;153319;153760;154206;154650;155095;155537;155982;156427;156874;157319;157763;158207;158657;159095;159540;159982;160427;160873;161317;161759;162205;162650;163096;163536;163982;164432;164873;165318;165763;166209;166654;167095;];

% SpikeArray=[-4782,-3940,708,723,761,1202,1247,2742,3128,3185,3214,3269,3689,3706,3730,4622,4695,5178,6515,6725,6763,6797,7228,7232,7282,7529,7740,8210,8223,8755,9228,9602,9680,9684,11237,11703,12257,12697,13226,15232,15274,16167,16789,17189,17206,17772,19770,20115,20162,20223,21223,21226,22215,22667,23793,24232,24238,24757,24795,24885,25219,25705,26330,27189,27198,27703,27740,27769,28305,28398,29152,29211,30275,31296,31350,32289,32348,32745,33251,33902,35219,35322,35727,36743,37267,37757,38864,39272,39741,39780,39838,40184,40734,41199,42704,42833,44252,44767,45218,45283,46313,46806,47800,48261,48269,48765,49104,49148,49168,49212,50297,50812,51017,51272,51333,52666,52771,52841,53225,53249,53284,55712,56742,56772,57231,57764,58225,58318,58345,58359,58846,60295,60822,62226,62438,62521,63303,63492,63718,63790,64184,64242,64280,65163,65236,66753,66785,66798,67820,67832,68275,68309,68323,68694,68755,68773,69275,70238,70780,71800,72178,72238,72789,73740,74329,75197,75757,75769,75802,76310,76427,76679,76774,77252,78789,80594,83824,84262,84731,85142,85268,85269,85280,86371,86381,86613,86771,86822,87294,87301,88293,88692,88793,89226,91198,91277,91295,91305,91339,91798,91838,92185,92200,92276,92772,93207,93601,94314,95247,95263,95298,95320,96732,96765,96787,98297,98673,98802,99257,99686,99754,99767,99794,99800,100724,102308,102694,102817,103287,105185,105282,105540,106257,106817,107272,107288,108238,108266,109167,109189,109254,110184,110621,111309,111849,111892,112196,112238,112257,112775,114898,115700,115793,116309,116687,116749,116795,116803,117761,118948,119266,120076,120710,120738,120775,121137,121196,121207,121226,121758,122764,123228,123283,123745,123769,123775,123789,123825,124257,124706,124739,125282,125727,127306,127768,127776,127807,128230,128231,128734,128747,129181,130266,130643,131245,131258,131328,131719,131720,131752,131799,132246,132757,132774,133225,133229,134231,135801,136269,136278,136282,138285,138731,139957,140043,140210,140252,140726,140800,141186,141189,141217,141444,143713,143730,143769,143918,144304,144754,145274,145629,146743,146796,147294,147323,147687,147783,147814,148283,148518,148645,148703,148737,148751,148766,149182,149272,150768,150798,151727,151754,152300,152304,152311,152731,152735,152975,153152,153203,153229,153695,153798,154752,155361,155725,155742,156773,158272,158813,158927,159279,159802,160321,160736,161182,161244,161252,161705,162820,163294,163770,163783,163811,164158,164264,165197,165205,165215,166764;];
